07065503774
09087807074
07030757468
08059990980
09087807074
07030757468
07065503774
07065503774
09087807074
07065503774
09087807081
07065503774
07039596889
08035003479
08035003479
09087807081
07065503774
09087807074
07065503774
09087807081
07030757468
08035003479
07030757468
09087807081
07039596889
07065503774
09087807081
08035003479
09087807081
07039596889
07030757468
07030757468
09087807081
09087807081
08035003479
07039596889
07039596889
07039596889
08035003479
07039596889
08035003479
09087807081
07039596889
09087807081
07065503774
09087807081
09087807081
07039596889
09087807081
08035003479
08035003479
08035003479
07065503774
07030757468
07065503774
08035003479
08035003479
07039596889
08035003479
09087807074
09087807074
07030757468
08059990980
08059990980
08059990980
07030757468
07065503774
07030757468
07030757468
07065503774
09087807081
09087807074
07039596889
07065503774
08059990980
08035003479
07065503774